year,sec1,sec2,sec3
2000,0.151,0.459,0.390
2001,0.144,0.452,0.405
2002,0.137,0.448,0.415
2003,0.128,0.460,0.412
2004,0.135,0.460,0.406
2005,0.121,0.474,0.405
2006,0.111,0.479,0.409
2007,0.108,0.473,0.419
2008,0.107,0.474,0.418
2009,0.103,0.462,0.434
2010,0.101,0.467,0.432
2011,0.100,0.466,0.434
2012,0.101,0.453,0.446
