year,sec4,sec5,sec6
2000,0.245,0.367,0.387
2001,0.232,0.381,0.386
2002,0.230,0.385,0.385
2003,0.225,0.395,0.380
2004,0.218,0.402,0.380
2005,0.193,0.381,0.426
2006,0.187,0.386,0.427
2007,0.187,0.385,0.428
2008,0.204,0.371,0.425
2009,0.192,0.374,0.434
2010,0.189,0.382,0.429
2011,0.201,0.379,0.420
2012,0.197,0.386,0.417
